229
211
100
264
45
79
100
239
162
236
144
162
48
138
233
75
158
113
142
186
75
234
234
264
48
163
161
234
249
162
238
132
48
143
107
264
158
142
132
113
239
161
229
237
237
24
264
132
238
143
138
170
137
186
224
161
229
164
234
100
79
90
186
90
163
238
162
161
137
239
186
43
170
24
255
234
132
237
239
132
233
186
143
164
249
263
100
114
100
138
100
170
41
90
13
161
132
162
140
230
125
151
162
141
236
114
236
246
144
90
88
236
237
264
233
161
90
234
237
132
238
170
236
100
100
238
142
68
48
100
230
68
233
246
237
231
90
158
161
141
140
161
125
264
163
249
170
132
132
107
230
68
162
132
234
114
132
170
132
140
100
186
249
238
97
237
158
186
170
48
231
100
230
237
162
113
142
239
50
239
236
164
186
74
211
138
234
87
88
142
50
236
237
263
132
239
50
236
68
13
141
162
90
138
48
164
229
237
79
107
263
161
186
166
141
231
162
237
48
237
43
164
163
230
239
161
232
79
170
138
239
231
164
142
262
161
79
162
148
264
90
211
237
225
107
170
148
230
264
230
230
114
4
68
107
143
246
231
231
140
263
249
230
170
164
234
48
237
246
236
238
231
113
100
249
88
231
162
113
140
249
48
249
236
68
236
75
113
164
90
144
233
186
239
236
107
143
232
100
140
90
33
261
230
233
170
170
142
100
107
43
170
142
229
262
132
233
48
170
132
140
142
163
230
239
113
236
239
239
166
261
161
125
230
161
138
158
75
107
107
50
114
236
263
161
236
137
238
100
170
141
262
100
140
237
264
132
143
143
25
163
237
144
164
236
114
142
100
50
237
263
107
158
237
249
140
48
234
148
132
233
144
100
231
107
68
164
237
237
239
238
170
264
75
41
229
45
249
138
186
230
162
239
90
114
68
239
170
211
234
48
237
162
48
163
162
234
237
161
246
158
107
256
237
140
238
90
236
43
74
132
148
132
238
114
236
164
231
246
262
107
231
48
138
79
48
239
211
263
164
140
237
140
234
142
90
186
163
237
107
231
142
164
164
186
230
170
239
264
141
90
107
263
239
238
79
236
164
52
249
237
237
230
230
148
140
238
68
264
170
237
90
186
143
261
163
50
132
229
143
262
234
107
164
68
170
237
170
138
4
234
68
186
116
140
90
100
238
161
249
231
144
234
162
90
107
141
236
249
13
164
264
162
138
164
100
138
161
236
140
234
90
229
246
137
162
230
170
186
249
45
263
144
186
170
79
234
40
161
137
43
142
141
170
237
237
164
186
231
140
236
142
239
234
230
229
264
158
132
161
238
238
211
238
249
140
186
264
75
262
170
113
143
68
239
79
107
74
246
262
100
237
237
170
33
170
232
87
161
246
161
138
264
125
170
48
48
138
238
140
75
141
163
186
265
238
50
132
229
239
142
74
237
151
236
140
246
132
50
138
161
68
50
90
162
239
68
234
233
186
233
264
236
229
249
237
262
237
113
237
263
231
141
264
140
13
170
170
43
144
239
236
43
141
186
137
163
233
263
148
158
170
48
261
142
138
48
239
231
100
264
161
164
142
229
163
262
68
238
234
87
186
13
113
237
236
90
231
162
236
239
162
140
148
262
90
138
107
75
100
87
125
237
186
170
237
236
237
229
237
48
231
79
236
100
79
68
100
237
48
143
137
249
236
140
170
68
25
143
132
164
231
68
161
164
229
233
138
249
125
75
90
170
142
113
179
132
238
141
237
161
164
163
229
186
229
237
142
230
230
83
43
211
234
148
140
231
140
132
107
142
264
186
68
186
239
256
237
237
140
239
238
234
231
239
151
113
79
68
90
83
237
231
140
90
233
262
163
170
107
140
125
246
170
230
68
246
234
107
234
113
163
141
138
236
263
186
125
234
48
45
100
239
161
100
263
142
140
162
75
43
236
79
68
264
246
249
48
88
237
237
239
236
262
264
238
140
263
246
50
170
132
100
263
234
48
236
162
229
100
237
238
237
140
40
246
13
236
229
246
166
170
48
170
262
24
90
256
79
142
107
231
249
238
132
255
237
231
263
239
234
237
43
43
238
246
236
229
230
138
107
231
138
264
264
186
239
79
239
237
162
239
164
239
151
170
238
264
181
231
170
114
229
161
132
262
68
137
236
144
113
75
163
21
233
237
132
48
113
161
75
88
238
186
231
90
151
164
161
164
140
234
107
236
113
229
142
163
238
164
231
229
262
234
79
237
164
170
249
236
90
144
164
140
189
162
261
230
100
161
